 5 335533
10 668844
10 335533
10 668844
20 884466
15 668844
20 335533
20 668844
10 446688
15 335533
 5 446688
10 884466
15 884466
15 884466
10 335533
15 884466
10 668844
 5 335533
10 884466
15 446688
20 335533
 5 446688
20 668844
20 668844
 5 446688
15 335533
20 884466
10 446688
15 884466
20 446688
10 884466
 5 668844
20 668844
20 884466
15 446688
15 668844
15 446688
 5 446688
10 668844
10 335533
 5 446688
 5 335533
10 335533
 5 884466
10 668844
15 335533
 5 668844
20 446688
20 446688
15 668844
15 335533
 5 668844
20 668844
 5 668844
20 446688
20 446688
10 884466
10 446688
15 884466
10 668844
15 335533
15 446688
 5 884466
15 335533